20200106
20200113
20200120
20200127
20200203
20200210
20200217
20200224
20200302
20200309
20200316
20200323
20200330
20200406
20200413
20200420
20200427
20200504
20200511
20200518
20200525
20200601
20200608
20200615
20200622
20200629
20200706
20200713
20200720
20200727
20200803
20200810
20200817
20200824
20200831
20200907
20200914
20200921
20200928
20201005
20201012
20201019
20201026
20201102
20201109
20201116
20201123
20201130
20201207
20201214
20201221
20201228
20210104
20210111
20210118
20210125
20210201
20210208
20210215
20210222
20210301
20210308
20210315
20210322
20210329
20210405
20210412
20210419
20210426
20210503
20210510
20210517
20210524
20210531
20210607
20210614
20210621
20210628
20210705
20210712
20210719
20210726
20210802
20210809
20210816
20210823
20210830
20210906
20210913
20210920
20210927
20211004
20211011
20211018
20211025
20211101
20211108
20211115
20211122
20211129
20211206
20211213
20211220
20211227
20220103
20220110
20220117
20220124
20220131
20220207
20220214
20220221
20220228
20220307
20220314
20220321
20220328
20220404
20220411
20220418
20220425
20220502
20220509
20220516
20220523
20220530
20220606
20220613
20220620
20220627
20220704
20220711
20220718
20220725
20220801
20220808
20220815
20220822
20220829
20220905
20220912
20220919
20220926
20221003
20221010
20221017
20221024
20221031
20221107
20221114
20221121
20221128
20221205
20221212
20221219
20221226
20230102
20230109
20230116
20230123
20230130
20230206
20230213
20230220
20230227
20230306
20230313
20230320
20230327
20230403
20230410
20230417
20230424
20230501
20230508
20230515
20230522
20230529
20230605
20230612
20230619
20230626
20230703
20230710
20230717
20230724
20230731
20230807
20230814
20230821
20230828
20230904
20230911
20230918
20230925
20231002
20231009
20231016
20231023
20231030
20231106
20231113
20231120
20231127
20231204
20231211
20231218
20231225
20240101
20240108
20240115
20240122
20240129
20240205
20240212
20240219
20240226
20240304
20240311
20240318
20240325
20240401
20240408
20240415
20240422
20240429
20240506
20240513
20240520
20240527
20240603
20240610
20240617
20240624
20240701
20240708
20240715
20240722
20240729
20240805
20240812
20240819
20240826
20240902
20240909
20240916
20240923
20240930
20241007
20241014
20241021
20241028
20241104
20241111
20241118
20241125
20241202
20241209
20241216
20241223
20241230
20250106
20250113
20250120
20250127
20250203
20250210
20250217
20250224
20250303
20250310
20250317
20250324
20250331
20250407
20250414
20250421
20250428
20250505
20250512
20250519
20250526
20250602
20250609
20250616
20250623
20250630
20250707
20250714
20250721
20250728
20250804
20250811
20250818
20250825
20250901
20250908
20250915
20250922
20250929
20251006
20251013
20251020
20251027
20251103
20251110
20251117
20251124
20251201
20251208
20251215
20251222
20251229
20260105
20260112
20260119
20260126
20260202
20260209
20260216
20260223
20260302
20260309
20260316
20260323
20260330
20260406
20260413
20260420
20260427
20260504
20260511
20260518
20260525
20260601
20260608
20260615
20260622
20260629
20260706
20260713
20260720
20260727
20260803
20260810
20260817
20260824
20260831
20260907
20260914
20260921
20260928
20261005
20261012
20261019
20261026
20261102
20261109
20261116
20261123
20261130
20261207
20261214
20261221
20261228
20270104
20270111
20270118
20270125
20270201
20270208
20270215
20270222
20270301
20270308
20270315
20270322
20270329
20270405
20270412
20270419
20270426
20270503
20270510
20270517
20270524
20270531
20270607
20270614
20270621
20270628
20270705
20270712
20270719
20270726
20270802
20270809
20270816
20270823
20270830
20270906
20270913
20270920
20270927
20271004
20271011
20271018
20271025
20271101
20271108
20271115
20271122
20271129
20271206
20271213
20271220
20271227
20280103
20280110
20280117
20280124
20280131
20280207
20280214
20280221
20280228
20280306
20280313
20280320
20280327
20280403
20280410
20280417
20280424
20280501
20280508
20280515
20280522
20280529
20280605
20280612
20280619
20280626
20280703
20280710
20280717
20280724
20280731
20280807
20280814
20280821
20280828
20280904
20280911
20280918
20280925
20281002
20281009
20281016
20281023
20281030
20281106
20281113
20281120
20281127
20281204
20281211
20281218
20281225
20290101
20290108
20290115
20290122
20290129
20290205
20290212
20290219
20290226
20290305
20290312
20290319
20290326
20290402
20290409
20290416
20290423
20290430
20290507
20290514
20290521
20290528
20290604
20290611
20290618
20290625
20290702
20290709
20290716
20290723
20290730
20290806
20290813
20290820
20290827
20290903
20290910
20290917
20290924
20291001
20291008
20291015
20291022
20291029
20291105
20291112
20291119
20291126
20291203
20291210
20291217
20291224
20291231
20300107
20300114
20300121
20300128
20300204
20300211
20300218
20300225
20300304
20300311
20300318
20300325
20300401
20300408
20300415
20300422
20300429
20300506
20300513
20300520
20300527
20300603
20300610
20300617
20300624
20300701
20300708
20300715
20300722
20300729
20300805
20300812
20300819
20300826
20300902
20300909
20300916
20300923
20300930
20301007
20301014
20301021
20301028
20301104
20301111
20301118
20301125
20301202
20301209
20301216
20301223
20301230
